19,13
18,9
19,10
20,0
19,31
19,30
19,29
19,28
19,27
19,26
19,25
19,24
19,23
19,22
19,21
19,20
19,19
19,18
19,17
19,16
19,15
19,14
19,12
19,11
19,2
19,1
19,0
18,7
18,2
18,1
18,0
17,191
17,190
17,189
17,188
17,187
17,186
17,185
17,184
17,183
17,182
17,181
17,180
17,179
17,178
17,177
17,176
17,175
17,174
17,173
17,172
17,171
17,170
17,169
17,168
17,167
17,166
17,165
17,164
17,163
17,162
17,161
17,160
17,159
17,158
17,157
17,156
17,149
17,148
17,147
17,146
17,145
17,144
17,143
17,142
17,141
17,140
17,139
17,138
17,137
17,136
17,135
17,134
17,133
17,132
17,131
17,130
17,129
17,128
17,81
17,80
17,79
17,78
17,77
17,76
17,75
17,74
17,73
17,72
17,71
17,70
17,69
17,68
17,67
17,66
17,65
17,64
17,8
17,7
17,1
16,4
16,3
16,2
16,1
16,0
15,8
15,7
15,6
15,5
15,4
15,3
15,2
15,1
15,0
14,5
14,4
14,3
14,2
14,1
14,0
13,4
13,3
13,2
13,1
13,0
12,5
12,4
12,3
12,2
12,1
12,0
11,5
11,4
11,3
11,2
11,1
11,0
10,5
10,4
10,3
10,2
10,1
10,0
9,5
9,4
9,2
9,1
9,0
8,6
8,5
8,4
8,3
8,2
8,1
8,0
7,3
5,3
5,2
5,0
0,9
3,44
1,44
1,41
1,40
3,39
3,38
20,1
20,2
21,0
21,1
21,4
22,0
22,2
22,4
22,5
23,1
23,2
24,0
24,2
24,1
23,3
23,0
22,3
22,1
21,2
20,3
2,38
1,38
1,37
2,33
3,30
2,30
1,30
2,29
2,27
1,27
2,26
3,24
2,24
1,13
1,8
3,7
2,7
1,7
2,6
1,6
1,4
3,3
2,3
1,3
0,6
0,0
0,47
0,46
0,49
0,48
0,45
0,12
0,10
0,8
0,11
24,3
21,3
19,32
19,9
19,8
19,7
19,6
19,5
19,4
19,3
18,8
18,6
18,5
18,4
18,3
17,155
17,150
17,105
17,104
17,103
17,102
17,16
17,5
17,4
17,3
17,2
17,0
9,3
5,5
5,4
4,3
3,43
3,42
3,41
3,40
3,37
3,36
3,35
3,34
3,33
3,32
3,31
3,29
3,28
3,27
3,26
3,25
3,23
3,22
3,21
3,20
3,19
3,18
3,17
3,16
3,15
3,14
3,13
3,12
3,11
3,10
3,9
3,8
3,6
3,5
3,4
3,2
3,0
2,44
2,43
2,42
2,41
2,40
2,39
2,37
2,36
2,35
2,34
2,32
2,31
2,28
2,25
2,23
2,22
2,21
2,20
2,19
2,18
2,17
2,16
2,15
2,14
2,13
2,12
2,11
2,10
2,9
2,8
2,5
2,4
2,2
2,0
1,45
1,43
1,42
1,39
1,36
1,35
1,34
1,33
1,32
1,31
1,29
1,28
1,26
1,25
1,24
1,23
1,22
1,21
1,20
1,19
1,18
1,17
1,16
1,15
1,14
1,12
1,11
1,10
1,9
1,5
1,2
1,0
0,5
0,7
0,4
0,3
